-1 23 -24 -234 -234 -234 -21 23 -1 1 34 4 2 505 5 2 54 2 1 1 3 4 2 5 5 2 5 2 1
-1 23 -24 -234 -234 -234 -21 23 -1 1 34 4 2 505 5 2 54 2 1 1 3 4 2 5 5 2 5 2 1
-1 23 -24 -234 -234 -234 -21 23 -1 1 34 4 2 505 5 2 54 2 1 1 3 4 2 5 5 2 5 2 1
-1 23 -24 -234 -234 -234 -21 23 -1 1 34 4 2 505 5 2 54 2 1 1 3 4 2 5 5 2 5 2 1
-1 23 -24 -234 -234 -234 -21 23 -1 1 34 4 2 505 5 2 54 2 1 1 3 4 2 5 5 2 5 2 1
-1 23 -24 -234 -234 -234 -21 23 -1 1 34 4 2 505 5 2 54 2 1 1 3 4 2 5 5 2 5 2 1
-1 23 -24 -234 -234 -234 -21 23 -1 1 34 4 2 505 5 2 54 2 1 1 3 4 2 5 5 2 5 2 1
-1 23 -24 -234 -234 -234 -21 23 -1 1 34 4 2 505 5 2 54 2 1 1 3 4 2 5 5 2 5 2 1
-1 23 -24 -234 -234 -234 -21 23 -1 1 34 4 2 505 5 2 54 2 1 1 3 4 2 5 5 2 5 2 1
-1 23 -24 -234 -234 -234 -21 23 -1 1 34 4 2 505 5 2 54 2 1 1 3 4 2 5 5 2 5 2 1
-1 23 -24 -234 -234 -234 -21 23 -1 1 34 4 2 505 5 2 54 2 1 1 3 4 2 5 5 2 5 2 1
-1 23 -24 -234 -234 -234 -21 23 -1 1 34 4 2 505 5 2 54 2 1 1 3 4 2 5 5 2 5 2 1
-1 23 -24 -234 -234 -234 -21 23 -1 1 34 4 2 505 5 2 54 2 1 1 3 4 2 5 5 2 5 2 1
-1 23 -24 -234 -234 -234 -21 23 -1 1 34 4 2 505 5 2 54 2 1 1 3 4 2 5 5 2 5 2 1
-1 23 -24 -234 -234 -234 -21 23 -1 1 34 4 2 505 5 2 54 2 1 1 3 4 2 5 5 2 5 2 1
-1 23 -24 -234 -234 -234 -21 23 -1 1 34 4 2 505 5 2 54 2 1 1 3 4 2 5 5 2 5 2 1
-1 23 -24 -234 -234 -234 -21 23 -1 1 34 4 2 505 5 2 54 2 1 1 3 4 2 5 5 2 5 2 1
-1 23 -24 -234 -234 -234 -21 23 -1 1 34 4 2 505 5 2 54 2 1 1 3 4 2 5 5 2 5 2 1
-1 23 -24 -234 -234 -234 -21 23 -1 1 34 4 2 505 5 2 54 2 1 1 3 4 2 5 5 2 5 2 1
1 3 4 2 5 5 2 5 2 1
1 3 4 2 5 5 2 5 2 1
1 3 4 2 5 5 2 5 2 1
1 3 4 2 5 5 2 5 2 1
1 3 4 2 5 5 2 5 2 1
1 3 4 2 5 5 2 5 2 1
1 3 4 2 5 5 2 5 2 1
1 3 4 2 5 5 2 5 2 1
1 3 4 2 5 5 2 5 2 1
1 3 4 2 5 5 2 5 2 1
1 3 4 2 5 5 2 5 2 1
1 3 4 2 5 5 2 5 2 1
1 3 4 2 5 5 2 5 2 1
1 3 4 2 5 5 2 5 2 1
1 3 4 2 5 5 2 5 2 1
1 3 4 2 5 5 2 5 2 1
1 3 4 2 5 5 2 5 2 1
1 3 4 2 5 5 2 5 2 1
1 3 4 2 5 5 2 5 2 1
1 3 4 2 5 5 2 5 2 1
1 3 4 2 5 5 2 5 2 1
1 3 4 2 5 5 2 5 2 1
1 3 4 2 5 5 2 5 2 1
1 3 4 2 5 5 2 5 2 1
1 3 4 2 5 5 2 5 2 1
1 3 4 2 5 5 2 5 2 1
1 3 4 2 5 5 2 5 2 1
1 3 4 2 5 5 2 5 2 1
1 3 4 2 5 5 2 5 2 1
1 3 4 2 5 5 2 5 2 1
1 3 4 2 5 5 2 5 2 1
1 3 4 2 5 5 2 5 2 1
1 3 4 2 5 5 2 5 2 1
1 3 4 2 5 5 2 5 2 1
1 3 4 2 5 5 2 5 2 1
1 3 4 2 5 5 2 5 2 1
1 3 4 2 5 5 2 5 2 1
1 3 4 2 5 5 2 5 2 1
1 3 4 2 5 5 2 5 2 1
1 3 4 2 5 5 2 5 2 1
1 3 4 2 5 5 2 5 2 1
1 3 4 2 5 5 2 5 2 1
1 3 4 2 5 5 2 5 2 1
1 3 4 2 5 5 2 5 2 1
1 3 4 2 5 5 2 5 2 1
1 3 4 2 5 5 2 5 2 1
1 3 4 2 5 5 2 5 2 1
1 3 4 2 5 5 2 5 2 1
1 3 4 2 5 5 2 5 2 1
1 3 4 2 5 5 2 5 2 1
1 3 4 2 5 5 2 5 2 1
1 3 4 2 5 5 2 5 2 1
1 3 4 2 5 5 2 5 2 1
1 3 4 2 5 5 2 5 2 1
1 3 4 2 5 5 2 5 2 1
1 3 4 2 5 5 2 5 2 1
1 3 4 2 5 5 2 5 2 1
1 3 4 2 5 5 2 5 2 1
1 3 4 2 5 5 2 5 2 1
1 3 4 2 5 5 2 5 2 1
1 3 4 2 5 5 2 5 2 1
1 3 4 2 5 5 2 5 2 1
1 3 4 2 5 5 2 5 2 1
1 3 4 2 5 5 2 5 2 1
1 3 4 2 5 5 2 5 2 1
1 3 4 2 5 5 2 5 2 1
1 3 4 2 5 5 2 5 2 1
1 3 4 2 5 5 2 5 2 1
1 3 4 2 5 5 2 5 2 1
1 3 4 2 5 5 2 5 2 1
1 3 4 2 5 5 2 5 2 1
1 3 4 2 5 5 2 5 2 1
1 3 4 2 5 5 2 5 2 1
1 3 4 2 5 5 2 5 2 1
1 3 4 2 5 5 2 5 2 1
1 3 4 2 5 5 2 5 2 1
1 3 4 2 5 5 2 5 2 1
1 3 4 2 5 5 2 5 2 1
1 3 4 2 5 5 2 5 2 1
1 3 4 2 5 5 2 5 2 1
1 3 4 2 5 5 2 5 2 1
1 3 4 2 5 5 2 5 2 1
1 3 4 2 5 5 2 5 2 1
1 3 4 2 5 5 2 5 2 1
1 3 4 2 5 5 2 5 2 1
1 3 4 2 5 5 2 5 2 1
1 3 4 2 5 5 2 5 2 1
1 3 4 2 5 5 2 5 2 1
1 3 4 2 5 5 2 5 2 1
1 3 4 2 5 5 2 5 2 1
1 3 4 2 5 5 2 5 2 1
1 3 4 2 5 5 2 5 2 1
1 3 4 2 5 5 2 5 2 1
1 3 4 2 5 5 2 5 2 1
1 3 4 2 5 5 2 5 2 1
1 3 4 2 5 5 2 5 2 1
1 3 4 2 5 5 2 5 2 1
1 3 4 2 5 5 2 5 2 1
1 3 4 2 5 5 2 5 2 1
1 3 4 2 5 5 2 5 2 1


